---
- id: 1
  created_at: !ruby/object:DateTime 2012-12-11 13:17:41.634177000 -05:00
  created_on: 2012-12-11
  lasttotal: 0.0
  penny: 4
  nickel: 5
  dime: 2
  quarter: 6
  total: 1.99
- id: 2
  created_at: !ruby/object:DateTime 2012-12-11 13:18:41.034560000 -05:00
  created_on: 2012-12-11
  lasttotal: 1.99
  penny: 10
  nickel: 0
  dime: 4
  quarter: 10
  total: 4.99
